# CAD frame (+y nose, +x right, +z up), metres. clock 0 deg = RIGHT side
0.023577 0.010000 -0.018551 0.023577 0.015000 -0.018551
0.023577 0.015000 -0.018551 0.023577 0.020000 -0.018551
0.023577 0.020000 -0.018551 0.023577 0.025000 -0.018551
0.023577 0.025000 -0.018551 0.023577 0.030000 -0.018551
0.023577 0.030000 -0.018551 0.023577 0.035000 -0.018551
0.023577 0.035000 -0.018551 0.023577 0.040000 -0.018551
0.023577 0.040000 -0.018551 0.023577 0.045000 -0.018551
0.023577 0.045000 -0.018551 0.023577 0.050000 -0.018551
0.023577 0.050000 -0.018551 0.026327 0.050000 -0.014383
0.026327 0.050000 -0.014383 0.028349 0.050000 -0.009816
0.028349 0.050000 -0.009816 0.029584 0.050000 -0.004977
0.029584 0.050000 -0.004977 0.030000 0.050000 0.000000
0.030000 0.050000 0.000000 0.029584 0.050000 0.004977
0.029584 0.050000 0.004977 0.028349 0.050000 0.009816
0.028349 0.050000 0.009816 0.026327 0.050000 0.014383
0.026327 0.050000 0.014383 0.023577 0.050000 0.018551
0.023577 0.050000 0.018551 0.023577 0.045000 0.018551
0.023577 0.045000 0.018551 0.023577 0.040000 0.018551
0.023577 0.040000 0.018551 0.023577 0.035000 0.018551
0.023577 0.035000 0.018551 0.023577 0.030000 0.018551
0.023577 0.030000 0.018551 0.023577 0.025000 0.018551
0.023577 0.025000 0.018551 0.023577 0.020000 0.018551
0.023577 0.020000 0.018551 0.023577 0.015000 0.018551
0.023577 0.015000 0.018551 0.023577 0.010000 0.018551
0.023577 0.010000 0.018551 0.026327 0.010000 0.014383
0.026327 0.010000 0.014383 0.028349 0.010000 0.009816
0.028349 0.010000 0.009816 0.029584 0.010000 0.004977
0.029584 0.010000 0.004977 0.030000 0.010000 0.000000
0.030000 0.010000 0.000000 0.029584 0.010000 -0.004977
0.029584 0.010000 -0.004977 0.028349 0.010000 -0.009816
0.028349 0.010000 -0.009816 0.026327 0.010000 -0.014383
0.026327 0.010000 -0.014383 0.023577 0.010000 -0.018551
